0.999565
0.999143
0.998721
0.998299
0.997877
0.997454
0.997032
0.99661
0.996188
0.995766
0.995343
0.994921
0.994499
0.994077
0.993655
0.993233
0.99281
0.992388
0.991966
0.991544
0.991122
0.990699
0.990277
0.989855
0.989433
0.989011
0.988589
0.988166
0.987744
0.987322
0.9869
0.986478
0.986056
0.985634
0.985212
0.984789
0.984367
0.983945
0.983523
0.9831
0.982678
0.982256
0.981834
0.981412
0.98099
0.980567
0.980145
0.979723
0.979301
0.978879
0.978456
0.978034
0.977612
0.97719
0.976768
0.976346
0.975924
0.975501
0.975079
0.974657
0.974235
0.973813
0.97339
0.972968
0.972546
0.972124
0.971702
0.97128
0.970857
0.970435
0.970013
0.969591
0.969169
0.968747
0.968324
0.967902
0.96748
0.967058
0.966636
0.966214
0.965791
0.965369
0.964947
0.964525
0.964103
0.963681
0.963259
0.962836
0.962414
0.961992
0.96157
0.961148
0.960725
0.960303
0.959881
0.959459
0.959037
0.958615
0.958192
0.95777
0.957348
0.956926
0.956504
0.956082
0.955659
0.955237
0.954815
0.954393
0.953971
0.953548
0.953126
0.952704
0.952282
0.95186
0.951437
0.951016
0.950593
0.950171
0.949749
0.949327
0.948904
0.948483
0.94806
0.947638
0.947216
0.946794
0.946371
0.94595
0.945527
0.945105
0.944683
0.944261
0.943838
0.943416
0.942994
0.942572
0.94215
0.941728
0.941305
0.940883
0.940461
0.940039
0.939617
0.939195
0.938773
0.93835
0.937928
0.937506
0.937084
0.936662
0.936239
0.935817
0.935395
0.934973
0.934551
0.934129
0.933706
0.933285
0.932862
0.93244
0.932018
0.931596
0.931174
0.930751
0.930329
0.929907
0.929485
0.929063
0.92864
0.928218
0.927796
0.927374
0.926952
0.92653
0.926107
0.925685
0.925263
0.924841
0.924419
0.923997
0.923574
0.923152
0.92273
0.922308
0.921886
0.921464
0.921041
0.920619
0.920197
0.919775
0.919353
0.91893
0.918508
0.918086
0.917664
0.917242
0.91682
0.916397
0.915975
0.915553
0.915131
0.914709
0.914286
0.913864
0.913442
0.91302
0.912598
0.912176
0.911754
0.911331
0.910909
0.910487
0.910065
0.909643
0.909221
0.908799
0.908376
0.907954
0.907532
0.90711
0.906687
0.906265
0.905843
0.905421
0.904999
0.904577
0.904154
0.903732
0.90331
0.902888
0.902466
0.902044
0.901621
0.901199
0.900777
0.900355
0.899933
0.899511
0.899089
0.898666
0.898244
0.897822
0.8974
0.896978
0.896556
0.896133
0.895711
0.895289
0.894867
0.894445
0.894022
0.8936
0.893178
0.892756
0.892334
0.891911
0.89149
0.891067
0.890645
0.890223
0.889801
0.889379
0.888956
0.888534
0.888112
0.88769
0.887268
0.886845
0.886423
0.886001
0.885579
0.885157
0.884735
0.884312
0.88389
0.883468
0.883046
0.882624
0.882202
0.881779
0.881357
0.880935
0.880513
0.880091
0.879669
0.879246
0.878824
0.878402
0.87798
0.877558
0.877136
0.876713
0.876291
0.875869
0.875447
0.875025
0.874602
0.87418
0.873758
0.873336
0.872914
0.872492
0.87207
0.871647
0.871225
0.870803
0.870381
0.869959
0.869536
0.869114
0.868692
0.86827
0.867848
0.867426
0.867004
0.866581
0.866159
0.865737
0.865315
0.864893
0.864471
0.864048
0.863626
0.863204
0.862782
0.86236
0.861938
0.861515
0.861093
0.860671
0.860249
0.859827
0.859405
0.858982
0.85856
0.858138
0.857716
0.857293
0.856871
0.856449
0.856027
0.855605
0.855183
0.85476
0.854338
0.853916
0.853494
0.853072
0.85265
0.852228
0.851805
0.851383
0.850961
0.850539
0.850117
0.849695
0.849272
0.84885
0.848428
0.848006
0.847584
0.847161
0.846739
0.846317
0.845895
0.845473
0.845051
0.844628
0.844206
0.843784
0.843362
0.84294
0.842518
0.842095
0.841673
0.841251
0.840829
0.840407
0.839985
0.839562
0.83914
0.838718
0.838296
0.837874
0.837451
0.837029
0.836607
0.836185
0.835763
0.835341
0.834918
0.834496
0.834074
0.833652
0.83323
0.832808
0.832385
0.831963
0.831541
0.831119
0.830697
0.830275
0.829852
0.82943
0.829008
0.828586
0.828164
0.827742
0.82732
0.826897
0.826475
0.826053
0.825631
0.825209
0.824786
0.824364
0.823942
0.82352
0.823098
0.822675
0.822253
0.821831
0.821409
0.820987
0.820565
0.820143
0.81972
0.819298
0.818876
0.818454
0.818032
0.817609
0.817187
0.816765
0.816343
0.815921
0.815499
0.815076
0.814654
0.814232
0.81381
0.813388
0.812966
0.812543
0.812121
0.811699
0.811277
0.810855
0.810432
0.81001
0.809588
0.809166
0.808744
0.808322
0.8079
0.807477
0.807055
0.806633
0.806211
0.805789
0.805366
0.804944
0.804522
0.8041
0.803678
0.803256
0.802833
0.802411
0.801989
0.801567
0.801145
0.800723
0.800301
0.799878
0.799456
0.799034
0.798612
0.79819
0.797768
0.797345
0.796923
0.796501
0.796079
0.795657
0.795235
0.794812
0.79439
0.793968
0.793546
0.793124
0.792701
0.792279
0.791857
0.791435
0.791013
0.790591
0.790168
0.789746
0.789324
0.788902
0.78848
0.788058
0.787635
0.787213
0.786791
0.786369
0.785947
0.785525
0.785102
0.78468
0.784258
0.783836
0.783414
0.782992
0.782569
0.782147
0.781725
0.781303
0.780881
0.780459
0.780036
0.779614
0.779192
0.77877
0.778348
0.777925
0.777503
0.777081
0.776659
0.776237
0.775815
0.775392
0.77497
0.774548
0.774126
0.773704
0.773281
0.772859
0.772437
0.772015
0.771593
0.771171
0.770749
0.770326
0.769904
0.769482
0.76906
0.768638
0.768216
0.767793
0.767371
0.766949
0.766527
0.766105
0.765682
0.76526
0.764838
0.764416
0.763994
0.763572
0.763149
0.762727
0.762305
0.761883
0.761461
0.761039
0.760616
0.760194
0.759772
0.75935
0.758928
0.758506
0.758083
0.757661
0.757239
0.756817
0.756395
0.755973
0.75555
0.755128
0.754706
0.754284
0.753862
0.75344
0.753017
0.752595
0.752173
0.751751
0.751329
0.750906
0.750484
0.750062
0.74964
0.749218
0.748796
0.748373
0.747951
0.747529
0.747107
0.746685
0.746263
0.74584
0.745418
0.744996
0.744574
0.744152
0.74373
0.743308
0.742885
0.742463
0.742041
0.741619
0.741197
0.740775
0.740352
0.73993
0.739508
0.739086
0.738663
0.738241
0.737819
0.737397
0.736975
0.736553
0.73613
0.735708
0.735286
0.734864
0.734442
0.73402
0.733598
0.733175
0.732753
0.732331
0.731909
0.731487
0.731065
0.730642
0.73022
0.729798
0.729376
0.728954
0.728531
0.728109
0.727687
0.727265
0.726843
0.726421
0.725998
0.725576
0.725154
0.724732
0.72431
0.723888
0.723465
0.723043
0.722621
0.722199
0.721777
0.721354
0.720933
0.72051
0.720088
0.719666
0.719244
0.718821
0.718399
0.717977
0.717555
0.717133
0.716711
0.716288
0.715866
0.715444
0.715022
0.7146
0.714178
0.713756
0.713333
0.712911
0.712489
0.712067
0.711645
0.711222
0.7108
0.710378
0.709956
0.709534
0.709112
0.70869
0.708267
0.707845
0.707423
0.707001
0.706579
0.706156
0.705734
0.705312
0.70489
0.704468
0.704045
0.703624
0.703201
0.702779
0.702357
0.701935
0.701513
0.70109
0.700668
0.700246
0.699824
0.699402
0.69898
0.698557
0.698135
0.697713
0.697291
0.696869
0.696447
0.696024
0.695602
0.69518
0.694758
0.694336
0.693914
0.693491
0.693069
0.692647
0.692225
0.691803
0.69138
0.690958
0.690536
0.690114
0.689692
0.68927
0.688847
0.688425
0.688003
0.687581
0.687159
0.686737
0.686314
0.685892
0.68547
0.685048
0.684626
0.684204
0.683781
0.683359
0.682937
0.682515
0.682093
0.68167
0.681248
0.680826
0.680404
0.679982
0.67956
0.679137
0.678715
0.678293
0.677871
0.677449
0.677027
0.676604
0.676182
0.67576
0.675338
0.674916
0.674494
0.674071
0.673649
0.673227
0.672805
0.672383
0.671961
0.671538
0.671116
0.670694
0.670272
0.66985
0.669428
0.669005
0.668583
0.668161
0.667739
0.667317
0.666895
0.666472
0.66605
0.665628
0.665206
0.664784
0.664362
0.663939
0.663517
0.663095
0.662673
0.662251
0.661828
0.661406
0.660984
0.660562
0.66014
0.659718
0.659295
0.658873
0.658451
0.658029
0.657607
0.657185
0.656763
0.65634
0.655918
0.655496
0.655074
0.654652
0.654229
0.653807
0.653385
0.652963
0.652541
0.652119
0.651696
0.651274
0.650852
0.65043
0.650008
0.649586
0.649163
0.648741
0.648319
0.647897
0.647475
0.647052
0.64663
0.646208
0.645786
0.645364
0.644942
0.64452
0.644097
0.643675
0.643253
0.642831
0.642409
0.641986
0.641564
0.641142
0.64072
0.640298
0.639876
0.639454
0.639031
0.638609
0.638187
0.637765
0.637343
0.63692
0.636498
0.636076
0.635654
0.635232
0.63481
0.634387
0.633965
0.633543
0.633121
0.632699
0.632277
0.631854
0.631432
0.63101
0.630588
0.630166
0.629744
0.629321
0.628899
0.628477
0.628055
0.627633
0.62721
0.626788
0.626366
0.625944
0.625522
0.6251
0.624677
0.624255
0.623833
0.623411
0.622989
0.622567
0.622145
0.621722
0.6213
0.620878
0.620456
0.620034
0.619611
0.619189
0.618767
0.618345
0.617923
0.6175
0.617078
0.616656
0.616234
0.615812
0.61539
0.614968
0.614545
0.614123
0.613701
0.613279
0.612857
0.612435
0.612012
0.61159
0.611168
0.610746
0.610324
0.609902
0.609479
0.609057
0.608635
0.608213
0.607791
0.607368
0.606946
0.606524
0.606102
0.60568
0.605258
0.604835
0.604413
0.603991
0.603569
0.603147
0.602725
0.602302
0.60188
0.601458
0.601036
0.600614
0.600192
0.599769
0.599347
0.598925
0.598503
0.598081
0.597659
0.597236
0.596814
0.596392
0.59597
0.595548
0.595125
0.594703
0.594281
0.593859
0.593437
0.593015
0.592592
0.59217
0.591748
0.591326
0.590904
0.590482
0.590059
0.589637
0.589215
0.588793
0.588371
0.587949
0.587526
0.587104
0.586682
0.58626
0.585838
0.585416
0.584993
0.584571
0.584149
0.583727
0.583305
0.582883
0.58246
0.582038
0.581616
0.581194
0.580772
0.58035
0.579927
0.579505
0.579083
0.578661
0.578239
0.577816
0.577394
0.576972
0.57655
0.576128
0.575706
0.575283
0.574861
0.574439
0.574017
0.573595
0.573173
0.57275
0.572328
0.571906
0.571484
0.571062
0.57064
0.570217
0.569795
0.569373
0.568951
0.568529
0.568107
0.567684
0.567262
0.56684
0.566418
0.565996
0.565574
0.565151
0.564729
0.564307
0.563885
0.563463
0.56304
0.562618
0.562196
0.561774
0.561352
0.56093
0.560507
0.560085
0.559663
0.559241
0.558819
0.558397
0.557974
0.557552
0.55713
0.556708
0.556286
0.555864
0.555442
0.555019
0.554597
0.554175
0.553753
0.553331
0.552908
0.552486
0.552064
0.551642
0.55122
0.550798
0.550375
0.549953
0.549531
0.549109
0.548687
0.548265
0.547842
0.54742
0.546998
0.546576
0.546154
0.545732
0.545309
0.544887
0.544465
0.544043
0.543621
0.543198
0.542776
0.542354
0.541932
0.54151
0.541088
0.540666
0.540243
0.539821
0.539399
0.538977
0.538555
0.538132
0.53771
0.537288
0.536866
0.536444
0.536022
0.535599
0.535177
0.534755
0.534333
0.533911
0.533489
0.533066
0.532644
0.532222
0.5318
0.531378
0.530955
0.530533
0.530111
0.529689
0.529267
0.528845
0.528422
0.528
0.527578
0.527156
0.526734
0.526312
0.525889
0.525467
0.525045
0.524623
0.524201
0.523778
0.523356
0.522934
0.522512
0.52209
0.521668
0.521246
0.520823
0.520401
0.519979
0.519557
0.519135
0.518713
0.51829
0.517868
0.517446
0.517024
0.516602
0.51618
0.515757
0.515335
0.514913
0.514491
0.514069
0.513647
0.513224
0.512802
0.51238
0.511958
0.511536
0.511114
0.510691
0.510269
0.509847
0.509425
0.509003
0.508581
0.508158
0.507736
0.507314
0.506892
0.50647
0.506047
0.505625
0.505203
0.504781
0.504359
0.503937
0.503515
0.503092
0.50267
0.502248
0.501826
0.501404
0.500981
0.500559
0.500137
0.499715
0.499293
0.498871
0.498448
0.498026
0.497604
0.497182
0.49676
0.496338
0.495915
0.495493
0.495071
0.494649
0.494227
0.493805
0.493382
0.49296
0.492538
0.492116
0.491694
0.491272
0.490849
0.490427
0.490005
0.489583
0.489161
0.488738
0.488316
0.487894
0.487472
0.48705
0.486628
0.486205
0.485783
0.485361
0.484939
0.484517
0.484095
0.483672
0.48325
0.482828
0.482406
0.481984
0.481562
0.481139
0.480717
0.480295
0.479873
0.479451
0.479029
0.478606
0.478184
0.477762
0.47734
0.476918
0.476495
0.476073
0.475651
0.475229
0.474807
0.474385
0.473962
0.47354
0.473118
0.472696
0.472274
0.471852
0.471429
0.471007
0.470585
0.470163
0.469741
0.469319
0.468896
0.468474
0.468052
0.46763
0.467208
0.466786
0.466363
0.465941
0.465519
0.465097
0.464675
0.464253
0.46383
0.463408
0.462986
0.462564
0.462142
0.46172
0.461297
0.460875
0.460453
0.460031
0.459609
0.459187
0.458764
0.458342
0.45792
0.457498
0.457076
0.456653
0.456231
0.455809
0.455387
0.454965
0.454543
0.45412
0.453698
0.453276
0.452854
0.452432
0.45201
0.451587
0.451165
0.450743
0.450321
0.449899
0.449477
0.449054
0.448632
0.44821
0.447788
0.447366
0.446944
0.446521
0.446099
0.445677
0.445255
0.444833
0.444411
0.443988
0.443566
0.443144
0.442722
0.4423
0.441877
0.441455
0.441033
0.440611
0.440189
0.439767
0.439344
0.438922
0.4385
0.438078
0.437656
0.437234
0.436811
0.436389
0.435967
0.435545
0.435123
0.434701
0.434278
0.433856
0.433434
0.433012
0.43259
0.432168
0.431745
0.431323
0.430901
0.430479
0.430057
0.429635
0.429212
0.42879
0.428368
0.427946
0.427524
0.427101
0.426679
0.426257
0.425835
0.425413
0.424991
0.424569
0.424146
0.423724
0.423302
0.42288
0.422458
0.422035
0.421613
0.421191
0.420769
0.420347
0.419925
0.419502
0.41908
0.418658
0.418236
0.417814
0.417392
0.416969
0.416547
0.416125
0.415703
0.415281
0.414859
0.414436
0.414014
0.413592
0.41317
0.412748
0.412326
0.411903
0.411481
0.411059
0.410637
0.410215
0.409793
0.40937
0.408948
0.408526
0.408104
0.407682
0.40726
0.406837
0.406415
0.405993
0.405571
0.405149
0.404727
0.404304
0.403882
0.40346
0.403038
0.402616
0.402193
0.401771
0.401349
0.400927
0.400505
0.400083
0.39966
0.399238
0.398816
0.398394
0.397972
0.39755
0.397127
0.396705
0.396283
0.395861
0.395439
0.395016
0.394594
0.394172
0.39375
0.393328
0.392906
0.392484
0.392061
0.391639
0.391217
0.390795
0.390373
0.38995
0.389528
0.389106
0.388684
0.388262
0.38784
0.387417
0.386995
0.386573
0.386151
0.385729
0.385307
0.384884
0.384462
0.38404
0.383618
0.383196
0.382774
0.382351
0.381929
0.381507
0.381085
0.380663
0.380241
0.379818
0.379396
0.378974
0.378552
0.37813
0.377707
0.377285
0.376863
0.376441
0.376019
0.375597
0.375175
0.374752
0.37433
0.373908
0.373486
0.373064
0.372642
0.372219
0.371797
0.371375
0.370953
0.370531
0.370108
0.369686
0.369264
0.368842
0.36842
0.367998
0.367576
0.367153
0.366731
0.366309
0.365887
0.365465
0.365042
0.36462
0.364198
0.363776
0.363354
0.362932
0.362509
0.362087
0.361665
0.361243
0.360821
0.360399
0.359976
0.359554
0.359132
0.35871
0.358288
0.357866
0.357443
0.357021
0.356599
0.356177
0.355755
0.355332
0.35491
0.354488
0.354066
0.353644
0.353222
0.352799
0.352377
0.351955
0.351533
0.351111
0.350689
0.350267
0.349844
0.349422
0.349
0.348578
0.348156
0.347733
0.347311
0.346889
0.346467
0.346045
0.345623
0.3452
0.344778
0.344356
0.343934
0.343512
0.34309
0.342667
0.342245
0.341823
0.341401
0.340979
0.340557
0.340134
0.339712
0.33929
0.338868
0.338446
0.338024
0.337601
0.337179
0.336757
0.336335
0.335913
0.33549
0.335068
0.334646
0.334224
0.333802
0.33338
0.332957
0.332535
0.332113
0.331691
0.331269
0.330847
0.330424
0.330002
0.32958
0.329158
0.328736
0.328314
0.327891
0.327469
0.327047
0.326625
0.326203
0.325781
0.325358
0.324936
0.324514
0.324092
0.32367
0.323248
0.322825
0.322403
0.321981
0.321559
0.321137
0.320714
0.320292
0.31987
0.319448
0.319026
0.318604
0.318182
0.317759
0.317337
0.316915
0.316493
0.316071
0.315648
0.315226
0.314804
0.314382
0.31396
0.313538
0.313115
0.312693
0.312271
0.311849
0.311427
0.311005
0.310582
0.31016
0.309738
0.309316
0.308894
0.308472
0.308049
0.307627
0.307205
0.306783
0.306361
0.305939
0.305516
0.305094
0.304672
0.30425
0.303828
0.303406
0.302983
0.302561
0.302139
0.301717
0.301295
0.300872
0.30045
0.300028
0.299606
0.299184
0.298762
0.298339
0.297917
0.297495
0.297073
0.296651
0.296229
0.295806
0.295384
0.294962
0.29454
0.294118
0.293696
0.293273
0.292851
0.292429
0.292007
0.291585
0.291163
0.29074
0.290318
0.289896
0.289474
0.289052
0.28863
0.288207
0.287785
0.287363
0.286941
0.286519
0.286096
0.285674
0.285252
0.28483
0.284408
0.283986
0.283563
0.283141
0.282719
0.282297
0.281875
0.281453
0.28103
0.280608
0.280186
0.279764
0.279342
0.27892
0.278497
0.278075
0.277653
0.277231
0.276809
0.276387
0.275964
0.275542
0.27512
0.274698
0.274276
0.273854
0.273431
0.273009
0.272587
0.272165
0.271743
0.271321
0.270898
0.270476
0.270054
0.269632
0.26921
0.268787
0.268365
0.267943
0.267521
0.267099
0.266677
0.266254
0.265832
0.26541
0.264988
0.264566
0.264144
0.263721
0.263299
0.262877
0.262455
0.262033
0.261611
0.261188
0.260766
0.260344
0.259922
0.2595
0.259078
0.258655
0.258233
0.257811
0.257389
0.256967
0.256545
0.256122
0.2557
0.255278
0.254856
0.254434
0.254012
0.253589
0.253167
0.252745
0.252323
0.251901
0.251478
0.251056
0.250634
0.250212
0.24979
0.249368
0.248945
0.248523
0.248101
0.247679
0.247257
0.246835
0.246412
0.24599
0.245568
0.245146
0.244724
0.244302
0.243879
0.243457
0.243035
0.242613
0.242191
0.241769
0.241346
0.240924
0.240502
0.24008
0.239658
0.239236
0.238813
0.238391
0.237969
0.237547
0.237125
0.236702
0.23628
0.235858
0.235436
0.235014
0.234592
0.234169
0.233747
0.233325
0.232903
0.232481
0.232059
0.231636
0.231214
0.230792
0.23037
0.229948
0.229526
0.229103
0.228681
0.228259
0.227837
0.227415
0.226993
0.22657
0.226148
0.225726
0.225304
0.224882
0.22446
0.224037
0.223615
0.223193
0.222771
0.222349
0.221927
0.221504
0.221082
0.22066
0.220238
0.219816
0.219393
0.218971
0.218549
0.218127
0.217705
0.217283
0.216861
0.216438
0.216016
0.215594
0.215172
0.21475
0.214327
0.213905
0.213483
0.213061
0.212639
0.212217
0.211794
0.211372
0.21095
0.210528
0.210106
0.209684
0.209261
0.208839
0.208417
0.207995
0.207573
0.207151
0.206728
0.206306
0.205884
0.205462
0.20504
0.204618
0.204195
0.203773
0.203351
0.202929
0.202507
0.202084
0.201662
0.20125
0.200839
0.200427
0.200015
0.199603
0.199191
0.198779
0.198368
0.197956
0.197544
0.197132
0.19672
0.196308
0.195896
0.195485
0.195073
0.194661
0.194249
0.193837
0.193425
0.193014
0.192602
0.19219
0.191778
0.191366
0.190954
0.190542
0.190131
0.189719
0.189307
0.188895
0.188483
0.188071
0.18766
0.187248
0.186836
0.186424
0.186012
0.1856
0.185199
0.184797
0.184395
0.183993
0.183592
0.18319
0.182788
0.182387
0.181985
0.181583
0.181181
0.18078
0.180378
0.179976
0.179574
0.179173
0.178771
0.178369
0.177968
0.177566
0.177164
0.176762
0.176361
0.175959
0.175557
0.175155
0.174754
0.174352
0.17395
0.173549
0.173147
0.172745
0.172343
0.171942
0.17154
0.171138
0.170736
0.170335
0.169933
0.169531
0.16913
0.168728
0.168326
0.167924
0.167523
0.167121
0.166719
0.166317
0.165916
0.165514
0.165112
0.164711
0.164309
0.163907
0.163505
0.163104
0.162702
0.1623
0.161908
0.161516
0.161125
0.160733
0.160341
0.159949
0.159557
0.159165
0.158773
0.158381
0.157989
0.157597
0.157205
0.156823
0.156441
0.156059
0.155677
0.155295
0.154913
0.15453
0.154148
0.153776
0.153403
0.153031
0.152659
0.152296
0.151933
0.15157
0.151208
0.150845
0.150482
0.15012
0.149757
0.149394
0.149031
0.148669
0.148306
0.147943
0.147581
0.147218
0.146855
0.146492
0.14613
0.145767
0.145404
0.145042
0.144679
0.144316
0.143953
0.143591
0.143228
0.142865
0.142502
0.14214
0.141777
0.141414
0.141061
0.140708
0.140355
0.140002
0.139649
0.139295
0.138942
0.138589
0.138236
0.137883
0.13753
0.137176
0.136823
0.13647
0.136117
0.135764
0.135411
0.135057
0.134714
0.13437
0.134026
0.133683
0.133339
0.132995
0.132652
0.132308
0.131964
0.13162
0.131277
0.130933
0.130589
0.130246
0.129902
0.129558
0.129215
0.128871
0.128527
0.128184
0.127849
0.127515
0.127181
0.126846
0.126512
0.126178
0.125843
0.125509
0.125175
0.12484
0.124506
0.124172
0.123837
0.123503
0.123169
0.122835
0.1225
0.122166
0.121832
0.121497
0.121163
0.120829
0.120494
0.12016
0.119826
0.119491
0.119157
0.118823
0.118488
0.118154
0.11782
0.117486
0.117151
0.116817
0.116483
0.116148
0.115814
0.11548
0.115145
0.114811
0.114477
0.114142
0.113808
0.113474
0.113139
0.112805
0.112471
0.112137
0.111802
0.111468
0.111134
0.110799
0.110465
0.110131
0.109796
0.109462
0.109128
0.108793
0.108459
0.108125
0.10779
0.107456
0.107122
0.106788
0.106462
0.106137
0.105812
0.105487
0.105161
0.104836
0.104511
0.104186
0.103861
0.103535
0.10321
0.102885
0.10256
0.102235
0.101909
0.101584
0.101259
0.100943
0.100627
0.10031
0.0999942
