0.999494
0.998989
0.998483
0.997977
0.997471
0.996966
0.99646
0.995954
0.995448
0.994943
0.994437
0.993931
0.993425
0.99292
0.992414
0.991908
0.991402
0.990897
0.990391
0.989885
0.989436
0.988924
0.988493
0.988062
0.987618
0.987193
0.986784
0.986376
0.985936
0.9855
0.984994
0.984514
0.984098
0.983571
0.983141
0.9827
0.982244
0.981776
0.981304
0.980895
0.980389
0.979883
0.979378
0.978872
0.978366
0.977901
0.977395
0.976957
0.976523
0.976093
0.975679
0.975243
0.974801
0.974414
0.97398
0.973551
0.973156
0.972707
0.972267
0.971812
0.971307
0.970801
0.970295
0.96979
0.969399
0.968893
0.968449
0.967944
0.967438
0.967027
0.966602
0.966096
0.965688
0.965186
0.9648
0.964362
0.963928
0.963491
0.96307
0.962633
0.962127
0.961622
0.961116
0.96061
0.9611
0.960594
0.960167
0.960657
0.960151
0.960641
0.960233
0.959727
0.959222
0.958778
0.958347
0.958836
0.958331
0.957894
0.957466
0.957038
0.957528
0.957118
0.956612
0.956251
0.9558
0.955372
0.954896
0.95446
0.954019
0.95354
0.953097
0.952628
0.953118
0.952671
0.952227
0.951778
0.951334
0.950891
0.950459
0.950031
0.949586
0.949157
0.948782
0.948327
0.947966
0.94746
0.947009
0.946595
0.946149
0.945715
0.945305
0.945795
0.945333
0.944873
0.944433
0.944006
0.943553
0.943025
0.942581
0.942141
0.941636
0.941196
0.940773
0.940387
0.939922
0.9395
0.93999
0.939484
0.939103
0.938679
0.938295
0.937878
0.937508
0.93708
0.936667
0.936221
0.935776
0.935327
0.934882
0.93444
0.93493
0.934424
0.933968
0.934458
0.933952
0.93352
0.933089
0.932666
0.933156
0.93265
0.932139
0.931688
0.931279
0.930856
0.931345
0.930916
0.930493
0.930059
0.929627
0.929196
0.92869
0.92918
0.928743
0.928237
0.927776
0.928266
0.927761
0.927255
0.927745
0.92733
0.926824
0.927314
0.926847
0.927336
0.926916
0.926472
0.926023
0.925585
0.925149
0.924718
0.924273
0.923768
0.924257
0.923752
0.923338
0.92295
0.92344
0.922934
0.922493
0.922009
0.921629
0.921124
0.921613
0.921178
0.920673
0.920244
0.919806
0.919399
0.918963
0.918521
0.919011
0.918505
0.918118
0.918608
0.918186
0.91768
0.91817
0.917698
0.917285
0.916779
0.917269
0.916827
0.916383
0.915877
0.915497
0.915055
0.914626
0.914172
0.91374
0.913304
0.913793
0.91337
0.912902
0.912396
0.911957
0.911567
0.91115
0.910717
0.911206
0.910793
0.910287
0.909837
0.910327
0.909821
0.909352
0.908913
0.908472
0.908091
0.907653
0.907218
0.906803
0.906419
0.906003
0.905575
0.905127
0.904688
0.905178
0.904737
0.904333
0.903947
0.903441
0.903016
0.902637
0.902226
0.901749
0.901295
0.90088
0.900458
0.899965
0.899537
0.900027
0.899521
0.898993
0.898553
0.899043
0.898537
0.898107
0.898596
0.898088
0.897663
0.897232
0.896795
0.896386
0.895938
0.895519
0.895105
0.894659
0.894252
0.893812
0.893377
0.892969
0.892464
0.892953
0.892447
0.892937
0.892431
0.891987
0.892476
0.892051
0.891613
0.891141
0.890635
0.890182
0.889799
0.889291
0.88887
0.888417
0.887987
0.887574
0.887139
0.887629
0.887238
0.886733
0.886318
0.885931
0.886421
0.885915
0.886405
0.885899
0.886388
0.885944
0.885438
0.885928
0.8854
0.884969
0.884512
0.884085
0.883651
0.883209
0.882777
0.882367
0.881861
0.882351
0.88189
0.881476
0.88097
0.88146
0.881079
0.880672
0.880167
0.879779
0.879357
0.878852
0.878428
0.877911
0.878401
0.877995
0.877546
0.8771
0.876664
0.876232
0.875828
0.875442
0.874936
0.874556
0.875046
0.874627
0.874121
0.873692
0.874182
0.873676
0.874166
0.873726
0.873221
0.872715
0.872188
0.871726
0.871301
0.870857
0.870424
0.87002
0.869584
0.870074
0.869568
0.86915
0.869639
0.869134
0.868702
0.869191
0.868747
0.868328
0.867867
0.867423
0.866992
0.866523
0.866017
0.866507
0.866001
0.865571
0.865135
0.864697
0.865187
0.864799
0.864293
0.863856
0.863465
0.863027
0.862572
0.862147
0.862637
0.862181
0.861734
0.861364
0.860858
0.860386
0.859961
0.859503
0.859073
0.858631
0.858202
0.857757
0.857357
0.857846
0.857341
0.856899
0.856451
0.856089
0.85565
0.855206
0.854825
0.854421
0.854911
0.854477
0.854032
0.853586
0.853157
0.85274
0.852288
0.851857
0.851419
0.851909
0.851403
0.850981
0.850543
0.851032
0.850526
0.851016
0.85051
0.850076
0.850566
0.850109
0.84973
0.84932
0.848877
0.848433
0.848021
0.847577
0.847146
0.846698
0.846261
0.8458
0.845294
0.844879
0.844386
0.843975
0.843531
0.84402
0.843598
0.843184
0.84278
0.842275
0.842764
0.842356
0.841845
0.841356
0.840896
0.84051
0.840081
0.83964
0.839204
0.838698
0.839188
0.838682
0.839171
0.838666
0.838244
0.838733
0.838228
0.837777
0.838267
0.837838
0.83739
0.836892
0.836477
0.836057
0.835596
0.835107
0.834674
0.83424
0.833813
0.833307
0.833797
0.833436
0.83293
0.832524
0.832143
0.831693
0.831253
0.831742
0.831344
0.830839
0.830454
0.830944
0.830506
0.830063
0.829638
0.829199
0.828736
0.828295
0.827861
0.82744
0.826934
0.827424
0.82702
0.826515
0.82607
0.825619
0.82508
0.824635
0.825125
0.824702
0.824253
0.82385
0.823344
0.822957
0.822545
0.822108
0.821677
0.82128
0.820839
0.821329
0.820841
0.820336
0.820825
0.820319
0.819911
0.820401
0.819895
0.819393
0.818984
0.818544
0.819033
0.818603
0.818097
0.817655
0.818145
0.817715
0.817286
0.816853
0.816432
0.815985
0.815479
0.815969
0.815473
0.814967
0.815457
0.814951
0.81544
0.815054
0.814607
0.814102
0.813596
0.813128
0.812722
0.812286
0.811857
0.812346
0.811911
0.811497
0.811059
0.810553
0.811043
0.810537
0.810065
0.809614
0.809172
0.809662
0.809156
0.809646
0.80915
0.808734
0.808229
0.807786
0.807377
0.806933
0.806466
0.806026
0.805583
0.805148
0.804714
0.804272
0.804762
0.804256
0.804746
0.80424
0.80473
0.804296
0.80379
0.80428
0.803808
0.803396
0.802945
0.802439
0.802024
0.802514
0.802008
0.801573
0.801135
0.800698
0.800322
0.800811
0.800273
0.799767
0.800256
0.799886
0.799464
0.798959
0.799448
0.798942
0.799432
0.798926
0.798539
0.798105
0.797652
0.797217
0.796769
0.796346
0.795912
0.795475
0.795046
0.794602
0.794189
0.794678
0.794264
0.79377
0.7934
0.792965
0.792426
0.792916
0.792508
0.792003
0.791559
0.791179
0.790707
0.790273
0.789768
0.789337
0.788914
0.788492
0.788053
0.787642
0.788131
0.787625
0.788115
0.787664
0.787158
0.786711
0.787201
0.78679
0.786335
0.785945
0.78553
0.785122
0.784708
0.784243
0.783813
0.783369
0.782863
0.782414
0.781977
0.781465
0.781955
0.781522
0.781016
0.780576
0.780153
0.779705
0.780195
0.779743
0.779298
0.778859
0.778411
0.777961
0.777564
0.777141
0.777631
0.777199
0.776761
0.776349
0.775902
0.775511
0.775005
0.775495
0.774989
0.774562
0.774101
0.773715
0.774205
0.773699
0.773259
0.772811
0.772361
0.771913
0.771374
0.770946
0.770536
0.770129
0.76969
0.76925
0.768834
0.769324
0.768895
0.768389
0.768879
0.768373
0.767929
0.767549
0.767088
0.767578
0.767072
0.767562
0.767122
0.766617
0.76623
0.765762
0.76532
0.764872
0.764445
0.764011
0.763574
0.764063
0.763557
0.764047
0.763541
0.763154
0.763643
0.763138
0.763627
0.763122
0.763611
0.763232
0.762787
0.76236
0.761919
0.761413
0.760979
0.760535
0.760107
0.759688
0.759252
0.759741
0.759316
0.758886
0.758439
0.757974
0.757468
0.757958
0.757461
0.757076
0.756571
0.756132
0.755615
0.755238
0.754809
0.754355
0.753967
0.753535
0.753114
0.752674
0.752244
0.751863
0.752353
0.751847
0.751409
0.750901
0.750469
0.750959
0.750555
0.750105
0.749599
0.750088
0.749583
0.749109
0.748653
0.748215
0.747777
0.747363
0.746909
0.746484
0.746034
0.745611
0.7461
0.745628
0.745267
0.744823
0.744317
0.744807
0.7444
0.744013
0.743569
0.7431
0.742719
0.742306
0.741801
0.741363
0.740913
0.740408
0.739978
0.739544
0.739112
0.739602
0.739096
0.739586
0.73908
0.738719
0.739208
0.738703
0.738288
0.737814
0.737427
0.736983
0.737472
0.736967
0.736536
0.736119
0.73568
0.735262
0.73481
0.734378
0.733938
0.733551
0.733166
0.732742
0.733232
0.732787
0.732318
0.731813
0.731368
0.731857
0.731346
0.73084
0.730449
0.729977
0.729574
0.729158
0.728742
0.729231
0.728827
0.728379
0.727942
0.727436
0.726996
0.726546
0.727035
0.72653
0.726037
0.725646
0.726136
0.72563
0.725245
0.72478
0.725269
0.724849
0.724431
0.724004
0.723554
0.723114
0.722645
0.722212
0.721775
0.721269
0.721759
0.721253
0.720873
0.721363
0.720928
0.720488
0.720097
0.719591
0.719144
0.718651
0.71914
0.718733
0.718243
0.717807
0.717365
0.71686
0.716428
0.716006
0.715567
0.716057
0.715551
0.716041
0.715607
0.715101
0.714677
0.714149
0.713736
0.713318
0.712938
0.713428
0.713002
0.712571
0.712066
0.711615
0.711123
0.710691
0.710262
0.709822
0.709539
0.709127
0.709616
0.709111
0.708599
0.709089
0.708583
0.708139
0.708629
0.708123
0.707676
0.708166
0.707731
0.70735
0.706845
0.706384
0.705968
0.705548
0.705121
0.704689
0.704251
0.70474
0.704235
0.704724
0.704218
0.703832
0.70332
0.70381
0.7034
0.702894
0.703012
0.702575
0.702131
0.701697
0.701314
0.700889
0.701378
0.700925
0.700502
0.700071
0.699635
0.699206
0.698701
0.69919
0.698685
0.698261
0.697774
0.698264
0.697752
0.69732
0.696895
0.696389
0.696879
0.696373
0.695925
0.695499
0.695988
0.695547
0.695041
0.694616
0.694175
0.693727
0.694217
0.693709
0.693204
0.692782
0.692346
0.691938
0.692428
0.691922
0.692412
0.691962
0.691513
0.691109
0.690723
0.690286
0.689828
0.689433
0.688961
0.688456
0.688018
0.688507
0.688079
0.687573
0.68716
0.68673
0.686316
0.686805
0.686299
0.685909
0.685517
0.684978
0.684532
0.684093
0.683621
0.683172
0.682744
0.682305
0.681888
0.681794
0.681357
0.681847
0.681371
0.680865
0.681355
0.680849
0.681338
0.680888
0.680474
0.680044
0.679654
0.679248
0.678814
0.678392
0.677954
0.677497
0.67705
0.676613
0.676177
0.675751
0.675315
0.674809
0.674348
0.67394
0.673496
0.673045
0.673534
0.673028
0.673518
0.673012
0.672562
0.672131
0.672621
0.67211
0.671699
0.671193
0.670742
0.670371
0.669939
0.669505
0.669071
0.668642
0.668205
0.668695
0.668189
0.667809
0.667367
0.667857
0.667351
0.667841
0.667433
0.666954
0.666493
0.665987
0.665557
0.665116
0.664672
0.664248
0.663836
0.663394
0.66296
0.663449
0.662943
0.662518
0.662077
0.661716
0.661309
0.660891
0.661381
0.660914
0.660484
0.659978
0.659534
0.660024
0.659518
0.65901
0.658599
0.658175
0.657744
0.657321
0.656878
0.656385
0.656
0.655577
0.655077
0.654631
0.654215
0.653835
0.65339
0.653029
0.652583
0.652148
0.652638
0.652132
0.651721
0.65127
0.650855
0.650405
0.649981
0.649545
0.649121
0.649611
0.649105
0.649595
0.649208
0.648748
0.6483
0.647877
0.647371
0.646843
0.646429
0.646044
0.645595
0.645181
0.644746
0.644321
0.643954
0.643526
0.643065
0.642634
0.642195
0.642684
0.642179
0.642669
0.642163
0.642652
0.642217
0.641711
0.64125
0.64088
0.64137
0.640864
0.641354
0.640966
0.640501
0.640071
0.639643
0.639243
0.638824
0.638397
0.637962
0.637456
0.637016
0.636601
0.637091
0.636585
0.637075
0.636646
0.636196
0.63569
0.636179
0.635674
0.635238
0.635728
0.635306
0.634888
0.634382
0.633935
0.633505
0.633078
0.632648
0.633138
0.632695
0.632189
0.63165
0.63214
0.631634
0.631189
0.630758
0.630347
0.630836
0.630329
0.629877
0.62945
0.629011
0.628505
0.628118
0.627673
0.627219
0.626782
0.626357
0.625896
0.626386
0.626001
0.625495
0.625072
0.624576
0.625066
0.62456
0.624088
0.623684
0.623253
0.623743
0.623335
0.622879
0.622479
0.622054
0.621614
0.621161
0.620714
0.620277
0.61983
0.62032
0.619906
0.6194
0.618939
0.619429
0.618923
0.6185
0.618104
0.618594
0.618173
0.617713
0.617208
0.6168
0.616375
0.61591
0.616399
0.615975
0.615543
0.615109
0.614603
0.615093
0.614587
0.615077
0.614571
0.614116
0.613629
0.613215
0.612676
0.612256
0.611812
0.611364
0.611854
0.611398
0.610893
0.610469
0.610065
0.609645
0.60922
0.608789
0.608378
0.608868
0.608362
0.607835
0.60737
0.60786
0.607354
0.607844
0.607443
0.606996
0.606609
0.606164
0.605658
0.605218
0.604783
0.604323
0.603896
0.60347
0.603059
0.602633
0.602165
0.601774
0.602264
0.601835
0.601384
0.600969
0.600517
0.600048
0.599542
0.599037
0.599526
0.599048
0.598609
0.598103
0.597669
0.597256
0.596826
0.596394
0.595941
0.595519
0.596008
0.595572
0.595066
0.595555
0.595142
0.594673
0.594245
0.593883
0.593429
0.592997
0.592562
0.592056
0.591631
0.591187
0.590753
0.590326
0.589881
0.589432
0.588992
0.588562
0.588117
0.588607
0.588101
0.587679
0.588169
0.587732
0.587226
0.586758
0.587248
0.586742
0.586335
0.585893
0.586383
0.585954
0.585542
0.585128
0.584699
0.584259
0.583803
0.583366
0.582905
0.58246
0.581955
0.582444
0.581939
0.582428
0.581988
0.581618
0.581181
0.580767
0.580344
0.579937
0.579431
0.579921
0.579479
0.579035
0.578606
0.57811
0.57769
0.577251
0.576745
0.577235
0.576837
0.576331
0.575819
0.575332
0.575822
0.575409
0.574903
0.574468
0.574958
0.574543
0.574136
0.573723
0.573215
0.57278
0.572287
0.571837
0.571402
0.570968
0.570441
0.570031
0.569586
0.569147
0.568738
0.568232
0.568721
0.568283
0.567896
0.567384
0.566976
0.566471
0.56696
0.566501
0.566109
0.565602
0.565164
0.564721
0.564263
0.563831
0.56432
0.563875
0.563369
0.562944
0.562534
0.562087
0.561684
0.562174
0.561726
0.561281
0.560816
0.560436
0.55993
0.55954
0.559102
0.558673
0.558249
0.557819
0.557364
0.556909
0.557398
0.556893
0.556427
0.556916
0.55641
0.5569
0.556426
0.556065
0.555636
0.555131
0.55562
0.555115
0.554671
0.554231
0.553783
0.553399
0.552975
0.552529
0.552114
0.551678
0.552167
0.551662
0.552151
0.551663
0.551157
0.551647
0.551141
0.550673
0.550212
0.549851
0.549389
0.549878
0.549414
0.548972
0.54852
0.548081
0.54765
0.547233
0.546794
0.546354
0.545925
0.545517
0.546007
0.545501
0.545991
0.545485
0.545975
0.545502
0.545062
0.544556
0.544158
0.54372
0.543275
0.542845
0.5424
0.541975
0.541551
0.541106
0.54067
0.54024
0.539817
0.539373
0.539862
0.539323
0.538936
0.538528
0.538022
0.538512
0.538091
0.53764
0.5372
0.536813
0.536428
0.536009
0.535588
0.53512
0.534716
0.534229
0.533789
0.533355
0.53285
0.532422
0.531965
0.532454
0.531949
0.531525
0.531118
0.530667
0.530276
0.530766
0.53026
0.52982
0.52937
0.528938
0.529427
0.529006
0.528624
0.528191
0.527765
0.527322
0.526875
0.526438
0.525978
0.525557
0.525051
0.52554
0.525035
0.524627
0.524204
0.523732
0.524222
0.523716
0.523267
0.523757
0.523284
0.522832
0.522327
0.521946
0.521528
0.52109
0.52158
0.521074
0.521564
0.521125
0.520691
0.520185
0.519731
0.519281
0.519771
0.519265
0.518777
0.518333
0.517953
0.517591
0.517169
0.516724
0.516259
0.515945
0.515537
0.51512
0.515609
0.515098
0.514592
0.515082
0.514643
0.514211
0.513683
0.513239
0.512734
0.512332
0.511885
0.51147
0.511021
0.510576
0.510132
0.509703
0.510193
0.509751
0.509307
0.50888
0.508374
0.508864
0.508352
0.507847
0.507418
0.507907
0.507475
0.50697
0.506599
0.507089
0.506698
0.506274
0.505768
0.505338
0.504865
0.504406
0.503993
0.503557
0.50311
0.502733
0.503222
0.502717
0.502295
0.501871
0.502361
0.501914
0.501473
0.501044
0.500538
0.501028
0.500522
0.501012
0.500506
0.500996
0.500575
0.500134
0.499681
0.499229
0.498793
0.498359
0.497853
0.497449
0.497012
0.496562
0.49614
0.495753
0.496242
0.495736
0.495319
0.494895
0.494356
0.494845
0.494377
0.493871
0.49341
0.493456
0.493025
0.492586
0.492151
0.491716
0.492206
0.4917
0.49219
0.491684
0.492174
0.491728
0.49128
0.490829
0.490323
0.489908
0.489499
0.489095
0.488714
0.488279
0.487834
0.4874
0.486996
0.486519
0.486079
0.485642
0.486132
0.485688
0.485247
0.484885
0.484379
0.484869
0.484446
0.484006
0.4835
0.483004
0.482577
0.482172
0.481722
0.481285
0.481775
0.481371
0.480926
0.480498
0.480036
0.479598
0.479093
0.478668
0.479157
0.478652
0.478223
0.478713
0.478207
0.4777
0.477256
0.477745
0.477308
0.476867
0.476448
0.475943
0.475502
0.475066
0.474658
0.474221
0.473808
0.473343
0.473833
0.473327
0.472902
0.472391
0.47288
0.47242
0.471914
0.471448
0.471069
0.470655
0.470179
0.470669
0.470243
0.469798
0.46937
0.468947
0.46848
0.468041
0.467626
0.467196
0.467686
0.46718
0.466732
0.467222
0.466694
0.466222
0.465717
0.466206
0.465745
0.465239
0.464814
0.464401
0.464891
0.464385
0.463968
0.463538
0.463093
0.46265
0.462216
0.46178
0.462269
0.461764
0.462253
0.461833
0.461412
0.460906
0.461396
0.46089
0.46138
0.460965
0.460459
0.460948
0.460443
0.459915
0.459471
0.459002
0.458575
0.458145
0.457709
0.457266
0.456826
0.456392
0.456881
0.456376
0.455931
0.455508
0.455998
0.455492
0.455084
0.454681
0.454273
0.454763
0.454257
0.453865
0.453338
0.452894
0.452481
0.452042
0.451604
0.451168
0.451657
0.451221
0.450789
0.450334
0.449898
0.449392
0.448954
0.448462
0.448007
0.448497
0.448079
0.447573
0.448063
0.447652
0.447248
0.446828
0.446384
0.445939
0.445498
0.44506
0.444554
0.445044
0.444538
0.444177
0.443756
0.444245
0.44382
0.443315
0.44287
0.442448
0.441995
0.442484
0.442051
0.441624
0.441137
0.44074
0.440336
0.439915
0.439465
0.439025
0.438519
0.438104
0.438594
0.438088
0.43764
0.437279
0.437769
0.437263
0.437752
0.437292
0.436786
0.436288
0.435882
0.436372
0.435922
0.435461
0.435019
0.434589
0.434158
0.433737
0.433231
0.432787
0.433277
0.432749
0.432244
0.432733
0.432222
0.431775
0.43133
0.430825
0.430364
0.42996
0.429521
0.43001
0.429504
0.429473
0.429011
0.428503
0.428071
0.42764
0.42813
0.427624
0.428114
0.42769
0.42724
0.426734
0.42629
0.42678
0.42637
0.425989
0.425483
0.425011
0.424607
0.424149
0.423695
0.423263
0.423753
0.423257
0.422827
0.422389
0.421948
0.421561
0.421136
0.420631
0.42112
0.420614
0.420183
0.41978
0.420269
0.419843
0.419337
0.418895
0.418479
0.418031
0.417621
0.417183
0.416734
0.416299
0.415839
0.415412
0.41499
0.414482
0.413989
0.414479
0.413973
0.413594
0.41316
0.412723
0.412288
0.412778
0.412353
0.411957
0.411512
0.411061
0.410615
0.410183
0.409752
0.409349
0.408917
0.408467
0.407961
0.408451
0.407945
0.408435
0.407987
0.407482
0.407971
0.407464
0.406956
0.406524
0.406084
0.405704
0.405321
0.404914
0.404488
0.404069
0.403627
0.403193
0.402764
0.40233
0.40282
0.402314
0.402804
0.402365
0.401926
0.40142
0.40191
0.401468
0.400962
0.400535
0.401024
0.400527
0.400021
0.399514
0.399008
0.398624
0.398226
0.397784
0.397352
0.396921
0.396508
0.396998
0.396492
0.396981
0.396476
0.396007
0.395575
0.396065
0.395647
0.395193
0.394747
0.394241
0.394731
0.39429
0.393784
0.393359
0.392915
0.393405
0.392964
0.392526
0.39202
0.391659
0.392148
0.391643
0.392132
0.391627
0.392116
0.391729
0.391314
0.390808
0.390347
0.389889
0.390379
0.389928
0.389459
0.389037
0.388603
0.388178
0.38771
0.387271
0.386835
0.386329
0.386818
0.386313
0.385808
0.385311
0.385801
0.385295
0.385785
0.385371
0.384991
0.384569
0.384064
0.383646
0.383266
0.38279
0.382377
0.381944
0.381501
0.381159
0.381649
0.381143
0.380703
0.381193
0.380754
0.380384
0.379949
0.37951
0.379004
0.378577
0.379067
0.378636
0.378213
0.377822
0.377317
0.37689
0.376438
0.376022
0.375608
0.375167
0.374706
0.375196
0.374735
0.37432
0.373814
0.373327
0.372882
0.372438
0.371999
0.37176
0.371334
0.371824
0.371318
0.370918
0.371408
0.370984
0.370552
0.370124
0.36971
0.369278
0.368772
0.368307
0.368796
0.368352
0.367945
0.367557
0.367089
0.366673
0.366168
0.365675
0.365225
0.364754
0.364316
0.363865
0.363452
0.363012
0.362597
0.362157
0.361725
0.361288
0.36084
0.36133
0.360911
0.36048
0.36005
0.359523
0.359115
0.358609
0.35807
0.35856
0.358125
0.357685
0.357219
0.356714
0.356256
0.355826
0.3554
0.354986
0.354554
0.354119
0.353734
0.353287
0.353776
0.353271
0.352825
0.352417
0.351988
0.351571
0.351083
0.350641
0.350233
0.350723
0.350278
0.34982
0.349314
0.348853
0.348437
0.348011
0.347569
0.347135
0.347625
0.347119
0.347609
0.347164
0.346774
0.346389
0.345902
0.345396
0.345886
0.34538
0.344966
0.344548
0.345038
0.344566
0.344094
0.343632
0.343214
0.342788
0.342353
0.341917
0.341411
0.3419
0.341395
0.340966
0.341456
0.34095
0.34144
0.341059
0.340598
0.340163
0.339723
0.339305
0.338873
0.338376
0.337871
0.33836
0.337919
0.337489
0.337082
0.336646
0.33614
0.335668
0.33524
0.33573
0.335224
0.334862
0.334411
0.3349
0.334429
0.333923
0.333491
0.333051
0.332607
0.333097
0.332716
0.33221
0.331765
0.331324
0.330891
0.33046
0.330056
0.329545
0.330034
0.329529
0.329114
0.328735
0.328227
0.327796
0.327356
0.326949
0.326516
0.326089
0.326579
0.326138
0.325698
0.325285
0.324845
0.3244
0.323967
0.323532
0.322993
0.322487
0.322977
0.322471
0.322961
0.322455
0.322071
0.321654
0.321233
0.320811
0.321301
0.320897
0.32049
0.319984
0.319558
0.320048
0.31957
0.319138
0.318698
0.318264
0.31784
0.317335
0.317824
0.317378
0.316873
0.317362
0.316992
0.316486
0.316976
0.31647
0.316028
0.315619
0.315189
0.314782
0.315272
0.314847
0.314454
0.314014
0.313572
0.313136
0.312631
0.31312
0.312648
0.312143
0.311719
0.312209
0.311764
0.311319
0.310876
0.310489
0.309983
0.309554
0.310044
0.309607
0.309185
0.3088
0.308382
0.307966
0.307518
0.307082
0.306622
0.306214
0.305708
0.306198
0.305773
0.305267
0.304844
0.305334
0.304828
0.304356
0.303925
0.304415
0.303972
0.303528
0.303099
0.302593
0.303083
0.302662
0.302226
0.301789
0.301283
0.301773
0.301358
0.300847
0.300406
0.299963
0.299457
0.298996
0.298458
0.298947
0.298543
0.298037
0.298527
0.2981
0.297639
0.29722
0.296788
0.296363
0.295928
0.295496
0.295106
0.2946
0.294193
0.294682
0.294177
0.294666
0.294249
0.293744
0.294233
0.293791
0.293286
0.292869
0.292437
0.29192
0.29145
0.290979
0.290564
0.290126
0.289696
0.289263
0.288767
0.288376
0.287992
0.288481
0.287976
0.287534
0.287127
0.286702
0.286322
0.286811
0.286306
0.286795
0.286334
0.285879
0.285367
0.284934
0.284467
0.284065
0.283626
0.283194
0.283684
0.283178
0.282706
0.283196
0.282774
0.282342
0.281933
0.281488
0.281044
0.280539
0.280115
0.279665
0.280155
0.279649
0.279227
0.278785
0.278351
0.277908
0.277473
0.27703
0.27752
0.277014
0.277504
0.276998
0.277488
0.276982
0.277472
0.277025
0.276611
0.27619
0.275685
0.27518
0.275669
0.275261
0.274815
0.2744
0.27397
0.27353
0.273105
0.272668
0.272162
0.272652
0.272146
0.271706
0.272196
0.27169
0.27128
0.271769
0.271264
0.271753
0.271306
0.270878
0.270373
0.269933
0.269553
0.269131
0.268623
0.268207
0.267761
0.267322
0.266893
0.266387
0.266876
0.266451
0.265946
0.266435
0.26593
0.26549
0.265979
0.265474
0.265963
0.265458
0.265947
0.2655
0.265057
0.264579
0.264153
0.263715
0.263282
0.262845
0.262405
0.261899
0.262389
0.261997
0.261558
0.261052
0.261542
0.261135
0.260638
0.260132
0.260622
0.260192
0.259687
0.259258
0.259748
0.259314
0.258902
0.258461
0.258038
0.257603
0.257222
0.256717
0.256288
0.255901
0.255498
0.255084
0.255574
0.255066
0.254672
0.254234
0.253784
0.25334
0.252834
0.252392
0.252881
0.252454
0.251949
0.251481
0.251042
0.250618
0.251108
0.250603
0.250142
0.249636
0.250126
0.24962
0.249195
0.248723
0.248231
0.247815
0.247454
0.24705
0.246639
0.246191
0.245714
0.245274
0.245051
0.244625
0.244186
0.24375
0.243305
0.243795
0.243391
0.242885
0.242515
0.243005
0.242499
0.242989
0.242483
0.242972
0.242539
0.242033
0.241572
0.241211
0.240795
0.240356
0.239934
0.239495
0.239048
0.2386
0.238179
0.238669
0.238236
0.237725
0.237219
0.237709
0.237326
0.23683
0.236426
0.23601
0.235504
0.235062
0.235551
0.235046
0.235535
0.235118
0.234676
0.234239
0.233803
0.233369
0.232925
0.232419
0.232908
0.232403
0.231972
0.231582
0.231131
0.231621
0.231115
0.230678
0.230237
0.229771
0.229345
0.229835
0.229465
0.229036
0.228612
0.228169
0.227736
0.227301
0.226795
0.227285
0.226779
0.227268
0.226763
0.227174
0.226744
0.226293
0.225785
0.226275
0.225834
0.225395
0.224965
0.224459
0.224002
0.223618
0.223194
0.223024
0.222582
0.222145
0.222635
0.222228
0.221722
0.221183
0.221673
0.221167
0.221656
0.221226
0.220795
0.220268
0.219887
0.219443
0.218935
0.218516
0.218077
0.217643
0.217209
0.216786
0.216346
0.215912
0.215406
0.215896
0.21539
0.215879
0.215469
0.215047
0.214542
0.215031
0.214593
0.214147
0.214558
0.214052
0.213618
0.213193
0.212728
0.212329
0.211812
0.211381
0.210949
0.210509
0.210094
0.20968
0.209276
0.209766
0.20926
0.208852
0.209342
0.208932
0.208426
0.207957
0.207542
0.207098
0.207587
0.207169
0.206723
0.206217
0.205791
0.205344
0.204907
0.204471
0.203966
0.204455
0.203949
0.204439
0.203933
0.204423
0.203973
0.203569
0.203063
0.203552
0.203114
0.202682
0.202272
0.201858
0.201387
0.200946
0.201436
0.201
0.200566
0.200138
0.199762
0.199257
0.199746
0.199241
0.198818
0.198291
0.198781
0.198275
0.197871
0.197432
0.197922
0.197416
0.196908
0.196426
0.195976
0.195597
0.195161
0.194709
0.194271
0.193837
0.19344
0.192995
0.193485
0.193024
0.192579
0.192149
0.191719
0.191213
0.191703
0.191299
0.190931
0.19055
0.190124
0.189633
0.189186
0.188744
0.188271
0.187832
0.1874
0.186957
0.186451
0.186941
0.186435
0.186925
0.186419
0.186908
0.186421
0.186013
0.185622
0.185117
0.184672
0.184248
0.183861
0.183446
0.183029
0.182642
0.182235
0.181756
0.181303
0.180866
0.181356
0.18085
0.18134
0.180884
0.180378
0.179921
0.180411
0.179998
0.179537
0.179031
0.178492
0.178982
0.178476
0.17891
0.178876
0.178463
0.178053
0.178046
0.177614
0.17717
0.177659
0.17728
0.176774
0.177263
0.176823
0.176317
0.17587
0.17636
0.175927
0.175483
0.174977
0.174509
0.174999
0.174543
0.174099
0.173677
0.173239
0.172808
0.172402
0.17197
0.171464
0.171954
0.171448
0.171938
0.171432
0.170998
0.170569
0.171059
0.170553
0.170136
0.16971
0.169272
0.16884
0.169329
0.168849
0.168401
0.167956
0.167516
0.167404
0.166976
0.167423
0.166917
0.166527
0.166019
0.165632
0.166122
0.165697
0.165287
0.164782
0.16434
0.163946
0.163512
0.163089
0.162652
0.162223
0.161793
0.161325
0.160859
0.160711
0.160262
0.160752
0.160337
0.159876
0.15937
0.15986
0.159354
0.158922
0.158483
0.158972
0.158511
0.158006
0.157587
0.157179
0.156793
0.156375
0.155937
0.155503
0.15508
0.154648
0.154218
0.154707
0.154202
0.154691
0.154186
0.154675
0.154182
0.153677
0.153261
0.153751
0.153243
0.15369
0.153242
0.152792
0.152366
0.151926
0.151506
0.151074
0.150648
0.150209
0.149775
0.149269
0.149759
0.149253
0.148803
0.148362
0.148851
0.1484
0.148834
0.14842
0.147914
0.147421
0.147911
0.147405
0.14699
0.146602
0.146148
0.146152
0.145731
0.145281
0.145046
0.144642
0.145131
0.144699
0.144258
0.143752
0.143338
0.142937
0.143427
0.142921
0.143025
0.143515
0.143628
0.143122
0.143612
0.143141
0.142711
0.142289
0.141872
0.141436
0.140993
0.14093
0.140434
0.139928
0.140417
0.139912
0.140401
0.139957
0.139573
0.139127
0.138687
0.138176
0.137742
0.137237
0.137696
0.13813
0.137705
0.138195
0.13777
0.137339
0.136902
0.136414
0.136004
0.136494
0.135988
0.136229
0.135822
0.136239
0.136729
0.136233
0.135805
0.135299
0.134831
0.134359
0.134848
0.134429
0.133984
0.133506
0.133078
0.132635
0.132202
0.131696
0.132186
0.131647
0.131216
0.130777
0.130271
0.129867
0.12938
0.12987
0.129364
0.128933
0.128472
0.128962
0.128469
0.128003
0.127579
0.127143
0.126708
0.126285
0.125842
0.125336
0.125826
0.12532
0.124781
0.125271
0.124765
0.125255
0.124864
0.124358
0.124794
0.124386
0.124812
0.124382
0.124012
0.123582
0.123134
0.123034
0.122598
0.122557
0.122131
0.121686
0.122176
0.12167
0.12216
0.121654
0.121221
0.12071
0.121199
0.120694
0.121183
0.120677
0.120257
0.120746
0.120302
0.119851
0.119435
0.119007
0.118565
0.118124
0.117681
0.117241
0.116735
0.117225
0.116719
0.116309
0.115879
0.116368
0.116862
0.116429
0.116889
0.116527
0.116022
0.115611
0.11518
0.11567
0.115279
0.114835
0.114405
0.113974
0.113654
0.113148
0.113637
0.113132
0.113549
0.113021
0.113511
0.113005
0.112595
0.113085
0.112579
0.112499
0.112031
0.11252
0.112076
0.111608
0.111184
0.110712
0.110303
0.110218
0.109778
0.109272
0.109407
0.10896
0.10858
0.108176
0.107637
0.10711
0.106677
0.106259
0.106748
0.106243
0.105798
0.10531
0.104889
0.104447
0.104478
0.104048
0.104537
0.104065
0.103639
0.103214
0.102777
0.10321
0.102704
0.103194
0.102688
0.102889
0.103378
0.102925
0.102913
0.102407
0.102897
0.102419
0.102844
0.102403
0.101967
0.102279
0.101846
0.101433
0.10099
0.100485
0.100974
0.100469
0.100958
0.100574
0.101033
0.101242
0.100829
0.100323
0.100813
0.101012
0.101248
0.101046
0.100749
0.100342
0.0999085
